#latitude  longitude  depth  mb
-37.55036545  146.3628235  7.5468955  
-37.19293213  145.8868256  10  
-37.53197479  146.3942108  7.50786638  
-37.55249786  146.3369751  6.90878248  
-37.38311768  146.2915649  8.06536007  
-37.59492493  146.3746185  10  
-37.47331619  146.2875366  11.11868954  4.50141071
-37.87397385  146.4172974  2.39091539  
-37.9029  146.4108  10  
-37.8314  146.3696  10  
-36.9433  145.797  2.4623  
-37.0206  146.1643  13.6164  
-37.4791  146.2182  7.0282  
-37.8868  146.76  10  
-37.929  146.1816  7.7239  
-37.423  146.04  12  
-37.214  145.956  10  
-37.281  145.991  10  
-37.369  146.258  10  
-37.437  146.668  15  
-36.847  147.647  6.6  
-38  146.6  10  
-37.5  146.1  16  
-37.55  146.07  14  
-37.791  146.045  4  
-37.204  146.605  4  
-36.952  147.528  10  
-37.419  145.945  8  
-37.033  146.312  10  
-37.768  146.387  2  
-37.962  146.558  13  
-37.973  146.556  14  
-37.807  146.394  2  
-37.779  146.358  2  
-37.792  146.36  2  
-37.81  146.348  19  
-37.343  146.057  8  
-37.747  146.349  1  
-37.048  146.465  4  
-37.774  146.372  2  
-37.779  146.377  2  
-37.787  146.385  1  
-37.971  146.555  14  
-37.773  146.971  4  
-37.94  146.46  0  
-37.21  146.53  0  
-37.2  146.97  11  
-37.21  146.94  15  
-37.19  146.93  13  
-37.2  146.92  11  
-37.19  146.95  16  
-37.19  146.95  12  
-37.17  146.93  14  
-38.069  146.402  13  
-37.61  146.35  11  
-38  146.06  14  
-36.92  145.85  13  
-37.48  146.05  7  
-37.34  146.81  23  
-37.98  146.48  13  
-37.84  146.35  16  
-37.93  146.51  12  
-37.08  146.4  16  
-37.45  146.7  14  
-37.49  146.67  14  
-37.75  146.07  4  
-37.93  146.16  17  
-37.60564423  146.4079285  2.1559782  
-37.50201416  146.3784332  4.51961851  
-37.75326538  147.3746185  10  
-36.9246  146.0111  10  
-37.2908  146.8372  10  
-37.489  147.01  17  
-37.1  146.3  5.4  
-37.218  147.705  13.1  
-36.927  145.799  12  
-36.916  147.681  5  
-37.303  146.241  15  
-37.474  146.778  10  
-37.409  145.97  2  
-37.657  146.41  16  
-37.508  146.397  11  
-37.759  146.368  3  
-37.767  146.378  1  
-37.76  146.361  2  
-37.4  146.9  0  
-37.787  146.362  2  
-37.792  146.378  1  
-37.262  146.361  4  
-37.771  146.563  10  
-37.812  146.531  10  
-37.954  146.535  15  
-37.88  146.52  21  3.5
-37.807  146.391  3  
-37.158  147.11  14  
-37.787  146.378  1  
-37.927  145.815  4  
-37.961  146.543  15  
-37.813  146.396  2  
-37.777  146.374  1  
-36.983  145.874  6  
-37.777  146.368  2  
-37.633  146.139  4  
-37.287  146.215  17  
-37.542  146.762  17  
-37.18  147.02  12  
-37.18  146.96  12  
-37.18  146.95  9  
-37.16  146.94  12  
-37.22  147  14  
-37.18  146.94  12  
-37.835  146.385  0  
-37.96  146.48  15  
-36.83  146.823  0  
-37.81  146.39  4  
-37.43  146.76  6  
-37.4  146.11  4  
-36.91  146.46  2  
-37.24  146.65  8  
-37.23  145.92  0  
-36.95  145.96  19  
-37.09  145.94  2  
-37.46  146.34  21  
-37.1  147.13  10  
-38.04  146.29  17  
-37.04  146.26  23  
-38.01  146.13  11  
-37.53207779  146.3678741  7.97484255  
-37.13831329  146.8514709  10  
-37.3811  145.974  19.93  
-36.8913  146.1423  10  
-37.0526  145.9034  12.2042  
-37.2001  147.1136  10  
-37.7517  146.2756  15  
-36.9021  146.7385  10  
-37.6871  146.5666  10  
-37.885  146.116  11.7  
-37.5  145.9  4  
-37.478  146.105  14  
-37.379  145.983  0  
-37.256  147.025  4  
-37.855  146.432  11  
-37.855  146.438  12  
-37.859  146.425  11  
-36.978  145.925  15  
-37.74  146.333  2  
-37.769  146.368  1  
-37.57  147.387  8  
-36.85  147.04  0  
-36.85  147.62  0  
-37.787  147.066  12  
-36.85  145.812  17  
-37.687  145.993  0  
-37.815  146.38  2  
-37.759  146.372  2  
-37.771  146.392  1  
-37.774  146.371  1  
-37.811  146.369  1  
-37.95  146.587  16  
-37.779  146.364  2  
-37.78  146.378  2  
-37.783  146.377  1  
-37.95  146.499  19  
-37.814  146.405  1  
-37.813  146.397  2  
-37.796  146.371  2  
-37.718  146.339  9  
-37.55  145.86  15  
-37.19  146.95  10  
-37.742  146.131  2  
-37.09  145.93  2  
-37.26  146.19  8  
-36.91  145.87  11  
-37.18  145.96  1  
-37.17  146.11  10  
-37.4  146.29  15  
-37.05  146.65  7  
-37.24  146.28  14  
-37.75  146.79  18  
-37.19  146.8  6  
-36.85  147.17  21  4.7
-37.49577332  146.3976288  6.04221201  
-37.51757812  146.3707428  7.1664753  
-37.51275253  146.3967133  10  
-37.5401001  146.3496704  10.45637703  
-37.52824402  146.4007263  5.86265469  
-37.56664658  146.3759918  10.309618  
-37.58617783  146.4123688  5.51082087  
-37.29475403  147.3167114  10  
-36.9285  146.7046  10.8549  
-36.9466  146.1433  6.1482  
-37.8642  147.3737  0  
-37.0234  146.9005  0  
-37.129  146.706  10  
-36.857  147.268  14  
-37.4  145.81  50  
-37.995  145.796  10  
-38.008  146.549  17  
-37.863  146.43  12  
-37.733  146.145  11  
-37.761  146.37  4  
-37.933  147.133  16  
-37.97  147.52  2  
-37.776  146.362  0  
-37.328  146.456  14  
-37.469  146.125  4  
-37.971  146.541  15  
-37.788  146.353  2  
-37.81  146.393  2  
-37.774  146.361  2  
-37.81  146.348  5  
-37.92  146.485  12  
-37.757  146.357  2  
-37.971  146.566  12  
-37.953  146.555  14  
-36.99  146.371  16  
-37.663  146.624  10  
-37.708  146.422  16  
-38.04  146.66  0  
-38.002  146.409  17  
-37.286  146.192  0  
-37.234  146.206  2  
-38.028  146.294  11  
-37.361  147.229  2  
-37.14  146.34  0  
-37.2  146.94  12  
-37.2  146.99  13  
-37.11  146.98  4  
-37.653  146.305  13  
-37.34  146.46  3  
-37.951  146.492  14  
-36.893  146.216  4  
-37.564  146.476  4  
-37.69  146.477  6  
-37.95  146.51  17  
-36.91  147.37  31  
-37.94  146.32  12  
-37.16  146.24  6  
-37.59  146.39  11  
-37.14  145.92  6  
-37.11  147.6  0  
-37.27  145.86  15  
-37.95  146.43  12  
-37.77  146.32  0  
-37.38  146.76  8  
-37.789  146.374  15  
-37.33  146.11  10  
-37.23  145.96  2  
-37.9  146.33  0  
-37.06  146.68  6  
-37.5378685  146.3523407  10  
-37.57349396  146.4078827  10  
-37.45701599  146.103302  3.52023435  
-37.54394913  146.3967438  7.49516869  
-37.47835541  146.3551788  7.74951315  
-37.58658218  146.3915558  8.26461124  
-37.56366348  146.3737335  9.72232628  
-37.41047287  146.3862915  1.91243696  
-37.29890442  147.1651764  10  
-37.2544  145.8456  0  
-37.0497  146.6742  0  
-36.863  145.7177  2.7  
-37.982  145.74  14.1  
-37.55  146.07  14  
-37.163  146.795  0  
-37.515  146.02  4  
-37.854  146.417  13  
-37.375  146.056  2  
-37.815  146.391  2  
-37.857  146.396  3  
-37.773  146.463  15  
-37.944  146.606  11  
-37.781  146.397  13  
-37.765  146.368  1  
-37.955  146.405  15  
-37.79  146.383  1  
-38.05  146.25  15  
-37.781  146.373  2  
-37.767  146.353  1  
-37.202  146.791  15  
-37.774  146.363  3  
-37.785  146.368  3  
-37.976  146.573  13  
-37.806  146.387  1  
-37.972  146.564  13  
-37.175  147.002  8  
-37.23  146.97  14  
-37.22  146.94  15  
-37.2  146.98  11  
-37.15  146.95  9  
-37.084  145.843  4  
-37.95  146.47  13  
-37.379  147.161  17  
-37.208  146.732  16  
-37.888  146.365  16  
-38.06  146.44  8  
-37.32  147.04  8  
-37.74  146.35  5  
-37.23  146.04  8  
-37.59  146.35  8  
-37.15  145.95  17  
-37.17  145.94  26  
-37.4  146.68  32  
-37.75  146.38  10  
-38.07  146.32  17  
-37.05  146.19  23  
-37.51  146.53  18  
-37.26  146.8  11  
-37.27  145.87  15  
-37.11  146.5  14  
-37.056  146.294  0  
-37.49  147.28  10  
-37.44  146.04  0  
-37.2  147.55  0  
-36.94490051  146.1563721  3.00861454  
-37.55323792  146.3878632  10  
-37.50069046  146.3360748  9.63645458  
-37.47120285  146.3502045  5.5692687  
-37.59134674  146.384201  10  
-37.39486694  146.3294983  10  
-37.54304886  146.3667145  10.82880211  
-37.49168396  146.3478699  10  5.83185068
-37.76103592  146.3622894  10  4.02777185
-37.93  146.413  13.3  
-37.968  146.398  0  
-37.929  145.723  2  
-37.235  147.665  7  
-38.033  146.997  10  
-36.961  146.151  10  
-37.855  146.423  11  
-36.862  146.3  6  
-37.317  146.888  15  
-37.937  146.534  9  
-37.765  146.376  2  
-37.779  146.371  1  
-37.771  146.355  1  
-36.959  146.432  13  
-37.761  146.345  1  
-37.786  146.406  1  
-37.775  146.496  11  
-37.811  146.378  2  
-37.836  146.367  2  
-37.889  146.485  13  
-37.786  146.374  2  
-37.825  146.384  4  
-37.822  146.391  2  
-37.811  146.398  3  
-37.808  146.384  2  
-37.697  145.909  8  
-37.16  146.95  10  
-37.205  146.956  17  4.8
-37.268  146.845  2  
-37.852  147.078  20  
-36.92  146.25  11  
-37.25  146.18  7  
-37.64  146.04  13  
-37.12  146.32  7  
-37.06  145.9  21  
-37.03  146.14  12  
-37.62  146.55  0  
-37.52  147.4  15  
-37.3  145.91  15  
-37.42  145.862  0  
-37.477  146.805  12  
-37.99  146.44  0  
-37.37  146.03  4  
-37.09  146.53  6  
-36.9  147.1  7  
-37.83  146.2  0  
-37.57  146.89  0  
-37.55090714  146.3622742  10.02283478  
-37.20574188  145.8957977  10  
-37.52162933  146.3506622  10  
-37.53310776  146.3514404  10  
-37.52866364  146.3302307  8.31011009  
-37.43447113  146.3742981  6.04246664  
-37.07584763  146.336319  10  
-36.9558  146.7164  10  
-37.17  146.7581  0  
-37.358  146.3251  12  
-37.3  146.48  33  
-37.128  145.912  7  
-37.417  147.173  14  
-37.766  146.352  1  
-37.158  146.527  10  
-37.42  146.93  0  
-37.804  146.349  3  
-37.985  146.556  11  
-37.974  146.548  13  
-37.665  146.072  10  
-37.799  146.4  1  
-37.782  146.371  1  
-37.663  146.465  17  
-37.982  145.805  3  
-37.98  146.58  16  
-37.218  146.941  16  
-37.782  146.4  0  
-37.21  146.93  10  
-37.04  146.91  10  
-37.16  146.99  6  
-37.66  146.23  11  
-38.05  146.46  14  
-37.54  147.231  12  
-37.17  146.32  18  
-38.05  146.37  13  
-37.28  145.88  21  
-37.31  145.87  16  
-37.27  146.99  12  
-37.76  146.65  15  
-37.9  146.2  18  
-36.87  146.55  36  
-37.92  146.55  6  
-37.08594894  147.4441528  10.1389637  
-37.0897522  146.8126068  5.23069716  
-37.6386795  146.7447662  6.66902876  
-37.4066124  146.4951782  10  
-37.52882004  146.3966064  10  
-37.61227036  146.3971252  10.56196022  
-37.58086395  146.4245605  3.14759994  
-37.57166672  146.3795471  9.16207886  
-37.55722046  146.3939514  5.09930801  
-37.48269653  146.3399506  9.42102432  
-37.54629898  146.3749542  8.63255596  
-37.50808334  146.3769073  6.40762329  
-37.4248085  146.365509  5.01033544  
-37.0657  146.8964  10  
-37.8931  146.4889  10  
-37.2041  146.9138  10  
-37.0816  147.1414  10  
-38.072  146.4578  0  
-37.635  147.0097  10  
-37.451  145.708  1.7  
-37.713  146.246  19.4  
-37  146.1  0  
-37.119  147.155  14.9  
-37.019  146.965  0  
-37.344  146.822  17  
-37.278  146.004  9  
-37.877  146.467  11  4.7
-37.169  145.789  13  
-37.762  146.37  2  
-36.971  147.403  5  
-37.776  146.369  0  
-36.973  146.43  11  
-37.817  146.381  4  
-37.809  146.382  1  
-37.807  146.381  0  
-37.81  146.382  2  
-37.875  146.496  19  
-37.754  146.355  1  
-37.757  146.36  1  
-37.776  146.371  1  
-37.571  146.414  16  
-37.781  146.37  1  
-37.955  145.804  2  
-36.964  146.445  13  
-36.99  145.89  0  
-37.927  146.463  13  
-37  146.26  18  
-37.18  146.95  10  
-37.14  146.95  7  
-37.002  146.236  9  
-36.887  146.831  6  
-37.84  146.38  0  
-37.23  146.74  9  
-37.22  146.2  7  
-37.188  146.314  12  
-37.18  146.22  12  
-37.94  146.18  9  
-37.34  146.09  10  
-38.07  146.1  10  
-37.89  146.4  19  
-37.58  146.53  0  
-37.1  147.17  24  4.3
-37.32  146.53  0  